23
-649.98486,-474.77744,48.824215
-441.1696,-491.92273,48.824215
-439.24265,-850.99,48.824215
-167.34077,-653.29553,48.824215
-137.40489,-327.8463,48.824215
-79.606514,-245.02332,48.824215
-124.04949,-83.990456,48.824215
-165.86256,-19.563736,48.824215
-249.49905,-134.2618,48.824215
-325.01413,-87.68638,47.42234
-424.26694,-42.906532,48.824215
-532.9766,-28.614578,48.824215
-616.306,-187.76018,48.824215
-592.7672,-264.9383,48.824215
-506.98593,-241.14844,48.824215
-441.43295,-129.59505,48.824215
-300.26605,-194.44792,48.824215
-208.60822,-387.72876,48.824215
-338.00827,-495.24658,48.824215
-460.5233,-382.82898,48.824215
-507.6553,-242.87524,48.824215
-590.4784,-266.48505,48.824215
-563.631,-324.3866,48.824215
